<<<<<<< HEAD
416.025;306.648
297.138;658.194
984.497;657.321
863.335;303.461
368.869;309.147
910.813;308.227
Homography Matrix:
[0.02647149863724747, 0.008952244693104355, -13.75799466186091;
 0.000803013420196589, 0.11271574468887, -34.89810165059158;
 5.293688313167367e-05, 0.002935337052268153, 1]
=======
216.782;176.447
38.1119;759.492
630.703;791.047
421.373;174.211
169.666;238.952
473.791;237.223
Homography Matrix:
[0.07525611214916395, 0.02306169339693575, -20.38332892022295;
 0.001758142451306641, 0.1609344291815236, -28.77745090405743;
 0.0003522666218377392, 0.007847775865566006, 1]
>>>>>>> 05e4439aa9df3b6e6002824b79132e4bb8fc0e58
